Case 1:
998
998
387
720
934
Case 2:
96
547
460
782
22
276
309
633
918
971
853
275
366
175
328
417
none
132
214
607
452
694
976
Case 3:
462
926
720
945
none
612
622
939
605
none
604
710
939
612
179
179
none
179
none
542
794
219
710
290
89
612
187
254
973
137
655
745
604
Case 4:
871
580
391
471
747
947
871
583
596
1022
488
1008
808
391
599
861
277
882
642
755
171
871
853
226
954
514
71
154
871
856
747
925
471
471
391
479
181
180
501
Case 5:
385
638
none
none
659
704
981
963
none
none
none
545
140
1006
609
94
279
475
475
692
152
152
753
753
179
152
384
251
284
279
745
65
435
1006
981
453
199
425
981
609
